8.59 8.79 7.42 11.45 9.97 10.29
8.85 7.78 7.9 7.49 6.15 8.9
6.94 6.23 7.01 6.79 7.37 5.61
9.25 9.82 9.43 10.31 9.82 9.05
8.14 7.42 7.55 9.33 10.52 10.99
7.53 5.59 7.79 8.71 9.84 9.2
8.37 8.88 9.66 9.84 9.66 8.32
6.79 8.14 7.3 8.01 7.5 9.16
7.84 8.16 7.66 8.66 7.44 10.7
7.17 9.17 6.59 8.91 9.15 9.25
7.25 8.4 7.45 8.17 7.48 10.43
7.75 6.84 7.95 7.26 8.47 8.41
7.7 7.77 7.36 8.81 9.14 10.3
7.06 6.23 7.78 7.97 6.99 7.63
7.67 8.72 7.15 9.76 12.03 9.3
7.13 9.48 8.04 6.58 8.02 8.94
7.47 8.45 9.43 10.57 10.96 11.15
7.94 8.25 8.61 10.68 9.36 9.52
7.71 8.39 7.04 8.97 9.01 8.64
6.09 6.19 6.78 8.02 7.93 7.91
7.43 8.21 8.47 9.36 9.57 13.33
7.84 6.79 6.15 9.75 9.82 10.05
8.58 9.27 7.96 8.75 7.44 10.65
7.11 8.68 7.52 8.89 9.43 12.26
5.92 7.06 7.27 6.92 6.68 7.56
8.83 7.15 7.08 10.17 9.26 8.73
10.65 10.17 9.52 10.72 11.49 12.04
7.43 6.8 6.92 9.31 9.73 8.86
7.39 9.29 7.13 9.22 8.17 7.93
8.04 9.64 8.09 10.3 8.41 9.74
5.14 6.69 6.09 7.66 7.42 7.63
7.81 7.71 7.76 9.94 8.43 7.26
8.07 9.06 8.51 8.8 8.26 10.73
8.68 8.04 8.18 10.73 10.43 10.74
6.82 7.45 6.51 10.26 9.26 8.47
5.93 6.59 5.84 8.55 8.28 8.27
8.37 7.87 10.15 8.72 8.25 9.82
8.06 8.28 7.29 9.59 9.56 8.7
6.84 5.73 7.47 8.88 7.97 9.2
7.34 9.65 7.86 9.21 9.3 9.93
5.48 5.32 8.11 7.99 8.24 7.23
7.41 9.26 8.55 8.1 7.89 9.42
8.33 6.35 7.74 9.75 10.91 8.58
6.39 5.8 6.05 7.71 6.05 5.83
5.79 5.46 7.7 7.3 7 7.64
7.87 8.35 9.19 10.16 9.9 8.46
9.69 8.23 8.64 10.44 11.24 10.07
8.64 9.06 8.16 10.01 9 8.48
7.28 7 8.54 7.29 7.15 6.65
6.61 6.27 6.61 9 8.02 8.6
7.15 8.4 6.19 9.52 9.41 9.86
7.16 6.74 8.14 9.42 8.69 6.65
6.22 7.81 6.77 8.08 9 9.67
8.12 7.35 7.4 8.46 8.93 9.48
7.68 8.31 8.86 9.61 10.87 11.47
7.43 9.08 7.81 9.18 10.83 9.48
8.33 8.77 8.12 9.55 10.62 10.73
4.24 5.86 6.56 8.29 8.64 7.19
7.36 6.71 7.66 8.54 10.33 10.39
8.17 8.39 7.25 9.71 7.35 9.52
8.42 7.95 6.68 9.99 9.61 12.29
7.46 6.63 7.02 8.48 8.34 7.2
7.33 9.65 7.08 10.69 9.68 10.32
8.63 8.95 8.36 8.29 8.89 8.43
8.44 5.38 6.95 9.59 8.22 9.69
8.12 9.81 8.84 9.54 10.46 9.69
8.76 9.01 8.06 11.22 9.19 11.17
9.09 7.39 7.43 9.02 8.62 8.62
8.42 8.22 8.59 9.15 8.18 9.67
7.68 6.73 7.04 9.02 9.37 9.33
6.78 6.96 8.46 7.12 6.72 8.61
7.78 7.31 6.34 8.95 9.09 8.8
6.89 8.47 7.22 8.02 7.35 7.59
7.55 8.47 8.22 9.37 10.24 8.81
8.14 8.86 7.69 9.97 10.61 11.21
7.23 7.72 7.43 9.23 11.05 9.33
7.93 9.85 6.38 10.91 10.87 10.99
6.59 7.48 6.79 9.62 8.82 9.41
8.33 10.02 9.08 9.97 7.8 10.42
6.64 8.29 6.41 9.94 7.89 9.03
8.46 9.94 8.45 10.12 10.09 9.61
8.54 8.81 9.58 7.08 6.89 7.82
7.72 7.71 7.31 6.75 7.26 8.57
5.18 6.55 6.66 8.55 8.97 10.28
8.68 7.74 7.16 9.27 9.84 8.62
8.1 7.81 7.85 7.83 8.15 8.27
6.41 5.9 8.78 9.37 7.86 9.18
7.18 7.43 8.85 8.84 7.21 9.96
6.57 8.5 7.53 7.26 7.87 8.3
8.02 7.22 7.31 6.87 7.26 9.89
7.4 8.13 6.43 7.99 9.57 9.3
8.46 5.47 7.17 7.27 8.4 8.77
7.16 7.6 7.86 10.41 6.47 8.54
10.32 9.96 8.92 9.78 10.05 10.3
8.06 10.02 7.77 10.52 11.42 12.63
8.05 7.75 7.39 9.51 9.37 9.48
8.22 6.19 7.45 9.38 8.03 6.22
8.02 7.93 6.74 7.76 6.49 6.66
8.07 7.6 7.02 8.55 8.92 9.42
7 8.11 7.95 8.63 8.13 9.77
7.87 6.2 6.18 6.5 8.16 6.75
7.72 7.82 8.9 10.53 10.75 11.35
7.95 7.05 7.27 9.42 9.3 13.12
6.48 6.69 7.05 6.92 9.37 9.25
8.94 9.63 8.61 8.21 10.25 10.29
7.47 9.05 8.71 8.72 9.69 10.35
8.33 8.31 8.62 11.03 10.43 9.74
8.29 6.82 7.78 10.22 9.57 8.11
7.83 8.07 6.11 10.63 9.19 10.49
8.43 10.04 8.8 9.32 8.77 9.82
9.79 8.63 8.45 10.63 9.42 11.92
8.01 5.55 7.81 9 8.6 8.67
7.88 5.9 7.75 8.14 8.67 11.1
7.83 8.6 7.36 7.29 7.58 8.46
7.45 6.74 6.62 8.68 10.27 9.17
7.67 8 7.38 8.52 9.13 7.95
7.35 7.48 7.26 8.47 7.65 6.98
8.07 7.4 7.79 10.47 10.21 9.19
8.07 6.35 8.32 7.35 9.24 7.26
7.7 7.71 7.4 9.26 6.74 9.59
9.41 9.93 9.1 10.88 9.44 11.54
7.59 7.87 6.59 9.29 10.37 9.75
7.92 8.37 7.85 8.33 9.46 9.43
6.5 4.78 7.23 9.87 9.59 9.37
6.83 7.85 8.04 9.91 9.92 11.94
7.97 7.74 8.28 9.58 9.23 11.15
6.69 7.66 8.86 11.02 10.75 10.58
5.59 7.73 6.83 8.13 7.68 8.2
7.37 8.52 7.44 9.89 7.73 10.41
8.8 8.59 8.84 8.23 8.5 7.19
7.15 7.6 7.82 10.37 10.2 10.8
5.9 7.09 8.94 8.7 9.1 11.21
7.11 9.02 8.43 6.93 6.99 10.45
8.35 9.42 8.05 9.69 9.35 11.08
7.81 7.24 6.77 10 8.73 9.16
5.66 7.59 7.31 9.92 6.7 9.25
8.85 5.39 8.7 8.27 7.26 9.07
6.02 5.48 6.91 7.34 6.39 9.84
7.39 7.29 8.39 10.55 9.18 9.41
6.6 6.65 8.28 8.5 8.62 9.71
8.07 9.34 7.46 8.71 10.43 10.29
8.32 9 8.56 8.91 9.78 9.35
9.6 8.53 7.71 8.77 8.7 8.25
7.15 9.02 9.43 9.35 6.2 8.29
8.35 8.63 7.2 10.14 8.69 8.9
6.6 6.47 6.38 8.84 7.16 7.92
8.54 7.36 6.93 9.1 10.39 9.87
7.08 7.24 8.09 8.91 7.36 8.56
7.37 6.83 6.66 8.88 7.16 6.64
7.68 8.31 8.89 5.65 7.57 7.84
6.9 6.95 8.25 7.64 8.64 8.05
9.19 9.17 9.01 9.02 9.11 10.82
7.25 6.13 7.78 7.46 6.29 9.11
7.7 9.68 6.7 9.23 8.84 8.47
9.15 8.64 8.14 9.95 9.01 12.24
6.49 4.88 6.42 8.04 7.5 7.2
7.14 7.52 6.97 7.92 8.76 8.85
7.73 7.21 7.67 8.02 8.86 11.43
7.8 8.64 6.13 8.61 8.89 10.05
7.11 4.94 5.33 8.03 7.99 10.58
9.67 8.67 7.96 11.19 9.5 9.35
7.85 7.02 9.25 7 8 8.27
8.34 9.69 7.7 10.23 8.39 11.04
7.9 8.03 8.77 9.97 8.98 8.52
7.86 8.53 7.32 8.22 8.39 9.33
7.77 6.96 7.44 8.73 7.5 9.49
6.73 6.96 6.34 8.05 6.72 6.51
10.04 9.29 8.63 9.24 10.61 9.6
8.78 7.7 8.74 8.85 8.15 10.31
8.84 7.18 7.31 8.81 8.42 7.57
6.64 8.33 6.23 9.25 8.77 10.52
6.22 7.98 6.86 10.05 8.89 9.71
6.96 8.08 8.66 7.81 6.84 9.55
5.6 7.21 7.64 8.89 8.23 9.22
9.04 8.68 7.62 8.65 8.57 10.55
6.61 6.23 7.5 8.26 8.58 6.93
7.27 8.51 7.34 11.44 8.6 10.15
7.14 8.62 7.84 7.62 8.45 8.33
9.27 9.89 8.84 9.6 8.95 9.47
8.33 8.22 9.63 9.33 8.08 8.13
6.37 7.59 6.17 9.11 7.36 7.94
6.75 5.68 6.66 7.04 6.31 7.39
7.48 6.42 8.03 7.68 5.61 9.43
6.8 10.18 7.97 9.36 8.72 7.8
8.08 7.13 7.29 9.36 10.65 12.58
7.42 7.89 7.61 8.51 8.94 8.57
6.81 9.79 7.51 10 10.1 8.91
9.29 5.68 7.69 8.93 8.33 9.61
7.86 8.42 7.56 10.3 10.29 10.04
8.27 9.09 5.98 11.14 10.14 12.09
7.58 6.92 6.13 8.8 7.65 10.54
6.22 5.39 6.83 8.55 8.12 7.81
8.72 8.43 7.7 8.1 6.92 7.1
8.29 8.75 7.44 9.17 8.1 9.73
6.39 9.35 8.06 10.65 10.72 11.1
8.17 9.14 9.66 11.36 10.44 10.29
6.75 7.22 7.45 9.56 9.21 10.01
8 7.99 6.98 7.63 7.52 9.45
6.97 8.56 7.13 8.6 8.28 9.09
9.6 7.91 7.75 9.5 9.26 9.57
6.35 6.46 6.58 7.17 7.77 9.03
9.28 8.64 9.74 9.23 10.13 9
8.56 7.72 8.25 10.32 10.71 11.16
6.12 6.19 6.47 8.5 8.7 9.28
7.93 7.42 7.61 10.16 11.42 8.2
7.56 8.06 7.05 10.86 9.74 11.06
7.46 7.98 6.85 7.38 6.94 6.84
6.98 6.58 7.69 7.68 9.33 8.3
7.74 7.23 7.48 8.31 7.68 10.08
7.38 7.07 6.82 8.88 6.55 10.65
7.8 6.43 8.87 8.87 10.15 11.54
8.36 8.35 7.71 9.56 10.42 10.22
7.94 8.93 7.55 8.41 8.66 9.9
8.82 8.94 7.77 8.34 9.81 8.07
7.67 8.59 6.54 9.51 9.35 10.35
9.97 8.85 7.27 7.23 8.28 6.7
8.97 7.37 9.01 11.06 12.07 9.72
6.44 7.25 7.42 11.01 11.15 9.48
6.8 8.12 7.36 8.95 7.03 7.6
6.48 5.28 7.36 9.41 6.73 8.9
