93 74 37 98 81 38
94 78 35 103 84 38
96 80 35 103 86 42
101 84 39 105 86 40
102 85 38 109 88 44
103 81 37 123 92 50
104 83 39 123 95 46
106 83 39 133 99 51
107 82 38 133 102 51
112 89 40 133 102 51
113 88 40 134 100 48
114 86 40 136 102 49
116 90 43 137 98 51
117 90 41 138 99 51
117 91 41 141 105 53
119 93 41 147 108 57
120 89 40 149 107 55
120 93 44 153 107 56
121 95 42 155 115 63
125 93 45 155 117 60
127 96 45 158 115 62
128 95 45 159 118 63
131 95 46 162 124 61
135 106 47 177 132 67